617
596
572
545
527
506
489
472
458
445
434
421
409
394
380
369
358
345
335
323
312
301
288
275
263
254
246
239
234
227
223
217
210
200
192
185
179
180
187
210
242
287
338
390
440
489
532
574
605
636
657
678
693
702
705
705
704
702
697
689
677
662
647
630
614
592
575
557
542
527
516
503
493
479
467
451
438
423
410
397
384
370
360
347
336
324
314
302
293
283
275
265
258
248
239
231
220
209
197
189
181
178
183
199
228
268
317
366
418
466
511
551
583
616
640
662
679
694
700
705
704
704
698
690
678
664
647
628
609
588
571
553
538
527
515
503
495
480
467
455
444
433
423
410
399
388
376
364
351
339
329
318
309
299
290
279
272
260
249
237
228
216
209
200
196
200
217
243
283
326
376
426
475
520
560
595
625
649
665
676
683
688
690
688
680
672
660
645
627
608
587
570
553
537
522
509
495
482
469
459
445
434
424
413
402
392
381
372
362
353
341
329
320
311
302
294
285
279
272
263
256
243
233
222
216
210
213
220
242
276
318
362
413
459
503
544
581
610
639
659
678
687
694
698
697
696
688
678
662
645
629
609
590
573
558
544
531
521
511
499
489
479
466
455
443
431
421
409
396
385
373
363
347
334
320
310
299
289
278
272
262
254
243
234
225
217
209
202
200
206
225
253
292
339
391
443
493
539
582
615
647
672
693
703
715
718
723
721
720
710
698
683
668
648
630
609
593
574
558
541
528
513
501
486
474
462
451
441
432
421
409
398
384
375
356
344
332
321
310
302
292
285
275
265
249
239
228
216
209
198
191
191
195
214
239
280
326
377
426
474
520
558
592
622
644
661
673
682
691
692
694
690
685
675
665
648
629
611
593
576
559
542
527
510
495
476
460
447
437
426
418
408
397
390
381
368
359
347
339
330
320
310
301
291
282
275
262
253
244
237
227
220
211
204
199
203
207
231
265
311
358
411
459
508
550
589
618
644
665
682
693
704
707
710
705
700
690
675
657
639
620
602
584
567
552
536
523
509
494
482
468
458
449
435
424
411
401
387
373
358
348
336
326
315
305
295
287
278
265
256
246
235
227
216
209
197
188
178
175
181
197
228
273
326
378
433
484
532
569
602
627
650
666
679
688
695
696
694
686
674
660
643
626
608
588
568
549
533
518
502
489
480
470
461
454
445
436
426
415
404
390
374
364
351
340
328
317
307
297
287
277
265
257
248
239
230
221
210
202
195
192
199
222
255
302
354
406
460
511
555
592
625
652
675
692
706
715
719
719
716
705
692
678
660
641
624
605
588
569
554
540
523
508
496
484
472
461
449
437
425
412
396
380
367
354
344
330
321
312
302
293
285
272
262
253
246
238
230
222
216
205
197
188
188
200
227
271
320
379
435
491
540
584
623
657
684
707
723
735
743
751
750
746
737
725
712
698
682
665
648
631
614
598
580
563
550
535
522
508
495
483
469
458
439
423
410
396
383
370
362
346
336
323
312
299
290
278
269
260
248
239
231
222
210
200
195
198
212
235
275
319
370
423
468
513
553
590
621
647
667
685
696
705
707
704
699
693
682
668
652
636
618
604
581
564
547
531
516
503
490
480
468
456
441
429
415
403
393
382
371
359
348
337
323
309
298
285
275
266
256
248
240
230
221
212
204
196
191
186
188
199
221
256
299
343
390
439
484
526
564
597
626
649
668
678
686
691
692
694
688
681
670
657
640
624
603
585
567
552
538
525
512
502
488
477
461
450
436
426
415
405
393
382
370
358
347
333
321
311
301
291
281
272
262
253
244
233
222
214
206
198
192
186
189
200
225
257
301
350
402
453
501
542
580
612
640
656
674
683
691
695
697
694
686
676
665
648
626
608
591
573
559
543
530
517
506
494
480
468
456
445
432
422
409
397
384
373
358
347
335
325
315
305
295
287
276
268
255
244
233
226
216
207
197
191
184
187
193
214
247
293
342
395
447
493
539
576
605
631
652
669
683
687
695
693
690
680
666
651
634
616
596
581
564
548
535
521
509
494
485
475
465
455
445
435
423
413
403
386
374
360
350
340
329
321
311
301
290
281
268
259
248
239
227
218
205
195
189
186
193
216
250
295
348
405
459
509
557
594
629
658
680
700
711
722
725
727
724
714
703
688
672
653
635
616
597
580
563
545
529
514
502
489
480
469
459
450
436
423
409
394
383
369
358
347
336
325
315
305
292
280
270
260
251
240
231
222
210
200
192
179
173
174
186
211
249
296
351
409
465
517
560
604
640
671
694
715
731
742
747
746
742
737
725
711
697
676
659
640
621
602
580
562
547
533
520
506
493
478
464
453
435
421
409
396
384
371
359
348
336
324
312
299
289
276
270
260
251
244
236
223
216
204
195
185
177
176
182
199
227
269
320
372
426
479
529
574
612
646
673
698
713
722
727
729
727
722
713
701
683
664
642
620
597
579
559
544
528
518
506
497
486
476
462
450
436
426
413
402
389
376
360
346
329
314
303
290
280
270
264
255
247
239
227
216
207
196
186
177
171
168
175
193
221
261
314
370
428
481
533
575
613
645
670
685
700
709
715
716
714
706
696
680
663
641
617
597
576
562
546
534
523
513
502
490
478
469
457
446
434
424
409
397
383
366
353
341
328
316
304
293
282
272
261
249
236
225
210
198
186
175
172
174
191
214
253
302
359
414
469
519
566
603
637
662
682
696
707
714
717
715
709
698
685
664
643
620
601
580
563
546
532
519
509
497
488
475
463
451
440
429
417
406
395
385
372
360
347
337
329
320
309
301
291
283
272
261
251
244
237
228
219
213
206
208
215
238
273
317
370
426
481
532
577
621
657
686
708
729
742
753
759
761
760
754
747
730
713
695
677
655
638
619
603
586
571
551
535
519
505
489
475
458
444
429
417
403
387
373
360
350
337
330
322
312
303
293
282
273
264
256
247
240
232
225
218
210
203
205
214
239
274
319
368
419
468
517
558
594
623
650
671
691
703
710
714
716
711
702
690
674
657
642
620
600
582
564
548
528
513
498
484
473
463
451
442
428
419
407
393
379
369
358
349
336
328
316
309
299
290
275
268
258
249
243
235
230
222
213
205
197
193
196
209
233
269
314
363
413
460
503
537
571
598
623
641
656
667
676
681
683
675
672
667
656
642
626
609
593
578
562
545
532
521
510
501
493
484
474
464
453
437
423
413
401
389
377
368
356
346
335
323
309
299
290
283
274
268
258
254
244
233
222
215
205
198
195
200
212
238
274
315
363
412
458
505
546
585
614
641
661
675
687
693
696
696
692
684
674
662
647
628
610
591
577
559
548
532
520
509
498
485
472
458
449
436
426
413
403
390
378
364
345
329
316
302
290
280
268
257
249
240
229
222
214
207
199
193
187
184
184
192
210
238
277
325
374
426
472
517
557
589
615
635
649
661
668
671
671
671
665
653
642
627
608
589
573
558
546
533
523
514
506
498
486
476
470
458
449
439
430
418
408
392
379
367
356
345
336
326
318
307
301
288
279
268
260
252
246
236
231
224
220
224
235
259
297
343
395
445
494
540
580
616
641
665
683
697
708
713
714
711
702
692
678
663
647
631
614
599
582
569
551
538
520
507
497
487
477
468
459
450
437
425
410
395
385
372
360
347
337
326
315
305
298
283
277
268
259
250
244
234
227
218
211
204
210
223
254
291
341
391
444
492
536
573
607
634
660
678
694
704
712
716
716
712
704
693
680
666
649
633
615
599
581
565
547
534
517
505
490
480
467
457
445
432
414
402
386
376
362
349
336
324
310
299
284
271
259
247
236
230
223
215
209
202
193
186
181
181
190
210
242
287
336
388
438
484
528
567
604
632
658
677
695
702
711
710
708
703
697
686
679
664
649
635
621
600
585
569
557
544
531
519
507
493
479
466
452
437
422
408
395
383
370
358
343
333
318
306
293
284
272
267
256
248
240
232
220
214
203
196
188
188
190
203
228
265
308
357
408
458
505
547
585
617
647
666
677
690
698
702
704
701
695
685
674
659
640
623
606
586
571
554
541
527
513
499
488
473
458
444
432
417
403
391
378
366
354
339
324
312
301
290
279
271
259
252
244
235
225
216
206
196
187
179
171
165
160
159
162
183
215
260
313
370
428
481
529
574
608
639
664
686
701
712
719
722
721
716
706
695
679
663
646
627
609
590
573
559
545
525
512
499
486
476
466
455
444
430
419
400
388
372
360
347
336
323
316
306
299
290
276
266
258
247
239
232
224
218
208
199
190
187
190
204
232
271
319
374
428
481
527
570
606
640
665
689
703
716
722
726
720
714
702
689
673
656
637
619
600
583
563
545
530
518
506
496
486
474
465
454
441
427
413
402
388
374
362
349
338
327
313
300
290
281
273
264
256
249
242
232
222
210
200
190
188
188
202
227
268
317
371
425
479
529
574
613
649
677
700
719
730
734
734
735
730
724
714
700
682
664
645
619
596
579
561
546
533
521
507
496
484
470
456
442
430
415
402
389
373
362
350
338
325
313
303
293
286
276
267
259
252
241
232
222
213
205
198
191
185
182
188
202
235
274
325
382
442
496
548
594
637
672
701
725
742
752
760
765
765
763
758
748
735
719
700
680
658
640
622
602
585
570
555
542
525
511
496
481
467
453
438
426
408
394
380
366
350
338
326
315
303
295
284
275
267
259
246
236
227
218
212
203
198
189
184
185
198
219
252
298
348
401
452
499
545
584
620
642
666
683
699
709
717
718
719
715
708
692
679
659
642
623
606
588
571
554
538
520
503
487
473
460
447
435
423
412
400
386
371
362
350
339
327
318
307
297
288
279
268
258
248
241
231
224
217
211
202
194
182
177
171
173
184
209
246
293
346
402
454
500
545
584
619
646
670
688
701
711
716
714
713
705
697
683
670
653
636
617
599
576
560
544
532
516
507
495
485
473
462
448
436
424
413
400
388
376
363
352
341
332
317
305
297
288
278
268
260
253
242
236
224
215
204
197
189
188
195
216
246
288
336
387
440
489
533
573
607
636
658
677
690
694
697
700
694
688
680
666
651
634
618
597
577
560
545
529
519
506
497
485
475
461
450
441
433
419
410
396
386
375
361
348
337
327
319
308
300
291
281
273
264
250
239
228
219
210
199
191
183
183
193
213
248
295
346
400
453
505
550
592
624
651
672
690
703
713
719
720
718
714
703
688
670
654
636
618
600
585
568
555
542
523
507
492
477
465
451
436
425
412
400
383
371
358
348
337
326
314
307
293
284
270
260
249
244
233
227
219
214
208
202
192
187
184
197
216
251
294
344
398
452
503
545
585
625
656
684
707
726
739
749
756
755
751
745
735
723
707
688
671
652
634
611
593
577
561
548
536
522
509
494
481
465
448
432
418
403
387
375
362
351
339
325
312
300
290
280
272
265
256
248
238
233
220
212
203
197
189
186
187
197
217
252
291
338
387
440
487
533
572
608
640
665
683
694
702
710
712
713
706
700
688
674
658
634
618
597
580
563
549
533
522
508
497
480
467
453
442
429
417
404
394
381
370
354
340
328
316
304
295
284
274
264
257
243
235
224
217
209
202
194
186
176
167
160
163
175
197
236
281
336
388
444
492
541
576
611
638
662
680
695
704
712
710
710
699
690
676
663
644
627
610
593
575
560
544
530
518
507
497
486
476
465
455
441
427
411
400
384
371
358
349
336
328
318
307
295
291
280
273
265
258
249
241
234
223
212
206
204
212
232
265
310
358
410
460
507
552
592
623
652
673
689
700
709
712
709
702
694
684
669
652
635
615
595
578
558
539
525
511
499
490
479
470
460
451
441
422
409
392
377
360
347
334
322
311
300
288
278
271
264
257
252
246
242
235
227
220
210
203
197
200
209
233
269
316
369
426
474
525
569
609
646
675
697
719
731
742
746
746
741
735
725
714
698
683
663
645
625
604
585
568
555
541
529
517
507
493
480
463
451
437
425
411
400
385
375
362
353
341
326
312
303
292
282
274
267
260
252
244
235
227
218
211
206
201
204
214
238
273
316
361
412
463
511
557
597
633
663
687
706
717
725
732
733
733
729
724
713
700
685
665
645
628
611
596
580
566
551
540
526
513
497
484
471
457
444
431
419
405
393
379
364
349
338
327
317
309
300
292
285
278
268
259
253
246
241
233
226
219
213
213
215
228
254
285
328
373
419
463
503
538
569
594
617
637
653
666
674
679
682
680
672
662
651
640
625
612
594
584
568
556
537
526
511
502
489
478
466
456
446
434
419
407
394
386
373
365
354
347
339
331
319
309
299
290
284
276
271
264
259
254
247
238
230
221
216
210
213
221
244
272
313
351
394
437
478
515
548
576
603
622
639
651
658
663
666
666
664
658
649
638
625
611
593
577
562
549
534
524
514
504
494
486
475
464
452
443
432
421
410
400
389
379
365
356
344
336
326
321
313
306
300
293
286
276
267
260
252
246
240
235
233
234
247
265
292
328
369
409
450
486
521
551
577
595
611
625
633
640
646
646
646
639
632
622
607
592
576
562
548
534
522
509
499
489
477
466
459
451
442
433
424
416
406
396
383
374
365
356
347
340
330
323
317
309
298
294
284
280
273
268
261
256
248
242
233
231
235
250
275
311
353
397
439
481
517
550
579
605
628
644
660
671
679
683
684
679
674
663
653
640
627
611
597
581
569
552
539
525
517
504
496
484
473
462
452
435
425
413
404
392
383
377
370
361
353
346
335
327
317
306
298
289
282
273
268
262
251
245
235
233
225
224
225
238
259
295
330
372
412
457
499
537
570
603
625
644
656
669
678
686
690
694
693
688
681
670
656
642
627
613
600
586
573
558
549
537
528
512
502
488
479
470
457
444
432
420
409
393
381
369
359
347
338
327
320
308
298
284
276
266
259
253
248
242
238
232
227
222
212
204
202
207
220
244
279
321
368
415
457
496
532
566
594
620
638
654
665
678
678
679
677
676
670
662
652
640
625
612
598
579
564
551
537
525
514
502
491
481
471
457
444
432
422
411
402
389
379
368
357
345
334
323
314
304
298
291
283
276
269
262
253
243
238
231
225
221
216
212
209
214
222
243
276
316
364
412
459
504
542
578
603
627
647
663
674
683
687
687
684
679
666
654
637
622
603
586
568
553
537
525
509
496
486
479
468
460
452
442
433
425
416
407
393
383
374
366
358
350
345
337
331
322
316
310
303
298
293
288
284
279
275
268
264
265
277
294
324
359
398
439
477
510
541
569
594
614
632
645
655
661
663
663
653
645
633
620
605
590
575
559
543
530
512
500
489
477
469
462
452
445
438
431
418
409
399
391
380
373
363
354
344
336
324
313
301
293
284
278
271
263
258
250
241
233
225
217
212
208
216
232
262
301
344
389
437
483
527
564
600
629
654
674
689
698
706
708
710
705
702
694
686
672
656
636
617
597
579
562
547
532
518
506
495
481
466
457
446
435
425
417
402
395
381
368
355
344
334
323
314
305
295
288
279
270
260
253
246
238
230
224
219
212
210
210
224
250
289
335
385
434
479
524
564
596
627
652
672
690
703
712
718
719
717
709
700
687
674
660
642
626
609
592
577
559
544
529
515
501
488
476
464
451
439
424
409
396
382
370
358
348
336
324
312
300
288
277
268
261
252
245
238
232
225
220
207
201
194
190
190
200
221
252
292
336
381