457
446
438
430
422
415
406
400
392
387
377
371
364
359
354
350
348
345
337
335
331
325
320
318
314
313
311
313
317
329
344
363
382
409
436
461
487
507
528
546
562
571
581
590
595
598
601
600
599
592
586
575
562
552
540
529
521
509
502
490
485
477
471
464
459
454
450
445
439
432
427
420
411
404
398
392
388
384
380
377
374
370
365
359
354
348
344
342
337
334
332
332
333
340
352
369
393
417
440
470
493
515
532
548
557
568
574
580
583
586
586
585
581
573
564
555
543
533
521
511
503
491
483
477
466
458
452
443
439
432
426
418
413
406
397
387
383
376
372
366
363
357
356
352
344
337
332
328
325
323
321
320
319
318
314
311
312
314
321
335
352
375
400
424
451
474
494
518
535
550
562
572
577
583
584
587
581
579
573
566
558
549
537
527
514
504
484
472
461
452
444
436
429
422
417
414
406
400
394
389
385
382
379
376
373
371
366
362
362
356
355
354
350
346
345
342
335
329
327
324
322
324
331
342
357
378
403
425
451
474
500
524
546
561
577
591
601
604
608
611
610
607
601
594
584
575
563
549
534
520
506
496
487
478
470
464
458
454
445
438
432
427
422
420
413
408
402
398
389
384
379
374
373
369
365
361
359
355
347
344
339
334
330
324
324
324
334
345
361
381
406
432
458
481
505
524
541
557
566
574
582
586
591
589
587
582
574
566
552
540
531
517
507
496
485
477
468
454
445
437
429
427
423
419
412
409
404
401
392
390
384
382
379
378
377
376
371
371
360
357
352
350
345
345
340
339
334
332
328
326
331
340
357
378
401
429
456
482
504
526
548
565
582
595
606
613
620
623
624
617
614
607
601
589
579
566
555
544
529
517
506
496
488
478
473
463
457
448
439
430
422
414
409
402
394
389
383
378
370
363
357
352
347
344
338
335
330
326
320
314
307
303
297
296
294
297
305
316
335
355
377
406
434
460
487
512
533
550
566
572
582
588
593
595
596
595
593
586
579
567
553
539
530
515
507
497
488
479
472
462
453
442
434
428
422
416
410
403
399
391
388
376
370
366
362
359
352
349
345
342
337
334
328
325
319
316
313
312
308
305
303
302
303
315
330
354
379
408
436
466
491
519
534
552
567
580
591
597
599
605
603
601
592
583
573
562
552
541
529
519
507
498
487
477
471
464
460
454
451
448
443
437
430
423
416
410
407
398
396
390
385
378
373
366
361
355
353
348
344
339
335
330
326
319
314
313
317
322
338
359
381
409
436
461
487
514
534
554
569
583
595
600
605
604
602
599
593
587
579
570
560
549
538
526
515
502
494
486
477
473
466
461
454
444
437
430
423
417
412
405
399
393
389
378
370
363
357
351
347
342
340
334
332
324
321
317
314
306
303
299
297
298
306
315
336
362
389
418
451
482
512
538
561
580
594
606
616
623
628
631
628
626
617
608
594
582
569
556
543
532
523
514
504
496
486
476
468
461
454
446
438
434
428
421
415
405
397
389
381
376
370
365
359
352
349
344
336
330
329
324
320
319
316
310
307
300
297
295
303
316
337
362
394
425
457
484
511
535
559
579
595
606
618
624
629
626
625
620
615
609
599
589
578
563
551
537
523
512
499
490
480
473
465
457
448
443
433
425
418
414
404
400
391
384
377
372
363
358
352
349
345
341
337
334
330
327
320
314
311
307
304
301
300
304
315
330
350
375
404
433
464
490
517
537
558
574
585
594
599
601
604
604
603
597
591
581
570
555
543
529
521
509
498
489
481
472
463
453
446
442
435
428
425
417
412
407
399
387
381
373
368
363
356
353
348
343
334
330
325
322
319
315
312
309
302
301
297
297
305
321
344
372
402
434
465
495
521
541
559
574
589
597
604
606
608
608
607
598
591
581
571
558
550
538
529
518
512
500
494
484
478
471
464
455
448
441
433
422
416
409
405
399
395
389
385
379
376
369
365
361
357
355
350
347
342
339
333
327
322
323
328
340
358
382
407
437
463
494
514
539
556
574
589
601
608
615
618
617
611
601
592
581
570
557
544
533
523
512
500
488
481
471
464
458
453
446
439
433
426
415
412
405
397
391
384
380
373
370
363
357
352
347
345
339
335
332
329
325
322
317
312
312
313
318
329
343
364
390
416
442
468
495
520
543
563
581
594
606
614
617
618
621
618
614
608
601
592
580
567
554
538
527
515
504
494
484
475
468
458
451
440
431
423
416
411
405
400
395
390
384
377
369
367
362
360
357
356
351
348
343
338
333
330
326
322
320
321
321
329
338
354
375
400
425
454
479
503
526
546
561
571
583
592
597
600
601
600
597
592
584
571
561
549
540
526
518
506
496
486
475
457
446
436
426
418
412
405
399
392
388
377
370
363
360
354
351
348
344
341
340
336
332
332
329
330
328
326
323
321
317
314
306
306
304
310
321
340
361
389
414
443
466
491
510
532
549
563
575
585
590
599
597
595
593
591
585
577
569
560
549
540
524
512
502
492
486
478
471
464
457
448
436
426
418
410
403
394
392
383
380
369
364
358
354
350
346
344
344
340
336
331
329
323
320
319
315
313
312
314
320
333
346
365
389
418
445
473
498
522
541
559
569
579
586
594
597
601
600
600
596
590
576
567
557
546
535
526
514
507
498
491
484
472
461
454
446
439
431
424
416
412
404
397
389
381
377
371
370
363
364
361
359
352
348
344
341
336
335
328
326
324
322
322
329
337
358
377
405
431
459
486
512
532
550
569
581
592
601
609
613
616
616
614
608
598
587
576
564
552
537
526
513
502
491
480
468
460
452
446
439
435
429
424
417
412
402
396
389
386
380
376
373
368
366
361
356
349
346
344
339
337
335
330
326
323
321
313
310
309
316
327
348
368
396
424
454
480
507
530
556
573
594
605
616
624
630
630
628
626
622
615
607
597
587
577
564
551
537
527
518
508
498
487
479
471
462
452
441
436
429
423
416
413
405
399
390
388
376
371
364
359
354
351
346
344
339
336
329
326
323
320
317
314
311
309
305
308
311
322
339
360
384
414
445
473
503
525
547
560
578
589
600
605
610
610
611
608
601
592
583
573
564
551
541
530
520
509
498
488
478
470
463
456
448
444
436
430
419
411
403
396
389
383
375
369
361
357
349
341
334
331
325
321
314
311
304
299
290
282
279
274
272
272
272
279
290
308
329
353
381
412
442
471
498
520
545
562
577
585
593
597
601
601
597
591
589
575
570
554
541
528
519
508
501
494
486
479
476
469
463
456
451
446
441
435
429
420
412
403
394
388
381
377
372
367
365
359
356
348
342
340
336
337
334
333
330
326
320
316
315
320
328
346
369
396
425
457
485
513
534
555
573
589
601
610
615
619
619
618
610
601
594
583
571
557
549
536
525
513
501
490
482
474
468
462
456
450
445
439
434
424
416
408
402
395
389
383
378
373
368
360
354
351
347
343
340
337
334
330
324
315
310
306
303
304
306
319
335
358
384
410
439
467
495
523
547
568
586
601
610
617
620
623
623
622
618
613
604
594
582
566
553
540
527
517
507
499
491
484
476
468
460
452
445
436
432
424
418
411
404
394
387
380
373
368
364
358
353
349
346
337
332
328
324
320
318
316
311
308
302
296
293
300
309
328
351
380
411
444
471
500
526
553
574
594
610
623
633
644
645
645
645
641
635
629
619
610
596
583
569
554
541
527
518
508
499
491
483
476
465
458
448
438
431
424
416
409
402
395
389
378
370
365
360
357
354
348
346
342
338
328
327
320
316
312
307
304
301
301
308
316
333
355
381
411
441
473
500
526
550
570
581
595
604
613
617
620
620
618
612
605
594
583
570
558
544
531
518
506
495
485
473
463
454
447
438
432
424
419
411
405
399
390
383
376
370
365
360
355
351
347
343
333
331
326
322
319
318
315
313
309
306
300
295
291
295
301
316
336
362
388
418
448
472
495
517
537
555
571
582
591
599
603
603
600
596
592
584
575
567
558
546
537
520
512
499
491
481
475
466
463
455
451
443
436
429
424
416
412
406
399
395
389
382
374
369
364
361
358
352
351
348
345
339
332
328
322
319
315
314
315
325
335
354
375
403
430
458
483
510
531
550
567
580
585
594
596
600
597
596
591
586
575
567
552
540
528
517
507
497
488
478
468
460
450
442
439
433
427
422
416
410
407
398
391
383
378
374
370
366
363
358
352
346
342
333
329
323
322
318
317
312
310
309
311
314
326
344
368
395
422
453
482
509
534
551
566
583
594
604
611
616
616
615
611
603
593
585
574
563
552
543
532
523
512
501
488
480
469
461
452
448
439
432
426
418
410
401
396
391
386
382
379
374
371
367
359
353
348
345
342
337
336
333
333
329
323
320
319
320
326
337
355
377
403
431
458
486
511
536
560
579
597
610
622
630
632
632
630
628
624
617
606
597
584
569
552
539
523
512
501
492
483
476
469
461
452
444
436
429
422
417
408
402
395
390
384
372
365
359
351
345
338
330
326
320
313
306
301
297
292
288
286
282
279
279
282
285
298
318
341
368
400
431
461
487
515
537
555
571
586
599
609
615
621
621
621
616
605
595
583
570
555
544
533
524
515
507
495
487
480
472
463
458
449
443
434
427
413
401
391
380
371
365
359
355
350
349
341
335
328
327
323
321
320
319
316
314
312
304
300
295
297
302
316
334
361
389
419
447
478
503
528
549
569
582
596
605
612
610
614
610
607
602
596
587
577
566
556
545
532
518
509
499
490
481
474
466
460
453
442
435
427
420
413
408
401
396
389
385
377
372
365
360
356
353
347
345
338
337
328
324
319
314
310
307
305
306
313
326
341
365
391
420
448
478
504
526
546
562
572
582
590
593
595
593
589
581
575
563
550
533
520
507
496
485
476
469
463
456
448
442
437
430
424
418
414
405
401
394
388
379
372
365
359
353
347
339
336
335
329
328
320
320
314
315
312
312
310
310
312
317
325
344
364
391
420
454
483
516
542
567
586
603
616
628
638
643
645
646
644
640
630
620
609
594
582
570
557
547
537
526
517
505
494
485
477
466
460
452
444
435
426
417
411
402
396
389
382
374
371
365
361
356
349
346
343
340
337
335
329
325
321
314
309
308
311
321
336
361
387
418
446
473
500
527
549
570
588
602
613
621
627
626
625
624
620
613
607
597
584
572
559
545
530
519
506
496
487
477
467
460
452
444
435
426
419
413
405
398
389
384
380
371
364
357
352
347
344
338
336
331
330
324
323
314
309
304
301
297
294
294
299
310
327
345
370
400
430
460
487
513
535
555
570
582
586
592
592
597
595
595
589
584
576
564
551
541
529
521
507
500
489
483
473
466
454
447
440
435
429
425
419
412
405
398
387
379
374
368
365
359
356
352
349
343
334
324
318
312
307
302
300
295
294
291
290
290
302
319
340
366
397
427
458
483
508
529
549
563
577
591
598
605
608
610
606
600
593
582
572
560
548
535
526
518
507
498
490
485
478
473
468
461
455
452
444
433
426
419
413
407
401
397
391
386
380
372
366
361
356
351
349
344
340
334
328
317
313
310
313
320
336
356
381
407
435
461
487
509
531
548
566
578
590
598
603
600
599
595
589
583
575
565
553
541
529
516
501
490
479
473
467
460
452
446
440
431
421
417
409
402
394
389
382
374
367
363
354
351
345
344
340
339
336
335
332
331
326
320
318
315
310
310
315
326
341
363
385
413
442
471
500
527
551
570
589
605
612
617
624
623
626
625
619
612
606
594
583
567
554
542
530
518
507
498
490
481
471
461
452
444
438
432
427
420
414
409
401
393
386
379
372
370
362
358
355
351
347
342
336
335
330
327
323
320
317
315
312
313
318
333
350
372
398
428
456
484
509
533
549
566
580
592
602
608
614
616
617
615
607
598
587
577
566
554
543
530
520
508
496
486
480
467
460
451
445
437
429
421
416
403
397
390
383
376
371
365
361
356
352
344
334
330
324
317
312
308
303
300
297
291
286
284
282
285
292
305
324
348
374
401
430
459
486
514
536
557
575
589
598
605
608
611
611
609
605
598
590
575
562
545
529
514
499
487
476
465
459
450
443
436
425
420
415
410
406
400
396
389
386
379
372
365
361
356
352
346
343
338
333
329
322
316
312
311
307
305
303
301
298
302
302
313
328
352
377
409
440
470
500
526
546
566
581
596
604
614
618
618
618
616
608
597
586
576
563
552
540
529
517
506
497
486
475
467
461
455
449
442
437
432
427
419
411
405
400
395
390
384
381
375
371
360
356
350
346
342
337
334
333
329
327
321
317
314
320
328
345
367
394
422
452
482
505
527
547
563
578
589
595
600
603
604
598
594
587
578
569
558
546
534
523
511
496
485
476
469
462
457
451
446
442
438
432
422
414
407
400
393
389
381
376
370
364
356
351
345
343
338
336
332
330
326
324
315
311
306
304
303
305
310
325
345
371
396
426
457
488
516
544
567
589
605
617
629
630
635
635
636
633
629
622
613
601
592
577
563
549
536
523
510
497
488
477
470
460
450
441
434
427
421
415
409
403
398
390
382
375
369
362
357
353
347
342
339
334
325
322
317
315
311
310
304
303
301
302
305
319
337
364
393
424
458
491
520
548
570
591
604
616
621
626
629
628
626
621
615
605
594
581
568
554
540
528
514
500
490
479
467
461
453
444
440
432
427
423
417
407
400
391
384
374
367
357
345
336
330
321
313
308
302
300
296
292
293
290
287
284
282
274
271
269
275
288
309
335
364
398
431
461
490
517
542
561
579
592
599
610
612
612
610
608
601
597
588
581
570
559
547
534
520
510
499
489
482
472
465
459
452
445
433
425
417
410
404
396
390
384
378
371
365
357
356
347
346
342
338
332
328
324
320
310
306
299
296
292
293
297
308
323
349
374
406
437
469
500
528
550
567
582
595
604
609
612
615
613
610
606
599
591
578
568
552
539
526
515
501
492
481
475
464
457
450
440
434
429
422
418
412
406
399
393
386
375
367
361
354
348
341
335
330
323
317
307
299
292
288
282
277
273
276
281
295
313
339
366
398
430
462
491
518
539
560
572
585
593
599
601
601
597
592
581
570
554
537
521
510
499
490
482
477
475
471
466
460
455
452
446
441
436
430
425
417
415
406
397
390
382
378
373
366
364
361
358
353
344
339
334
330
328
326
330
341
360
386
416
444
474
505
532
556
580
602
617
633
642
650
651
655
653
652
644
634
623
610
595
577
561
547
535
524
513
503
495
488
479
468
460
453
445
438
433
424
419
412
405
392
386
377
371
367
362
357
352
347
343
331
327
320
315
309
306
305
306
316
328
342
365
389
418
445
471
495
517
535
549
558
563
567
571
574
572
571
567
562
553
543
531
518
508
497
485
477
468
459
449
442
431
425
418
414
408
404
397
392
386
382
372
365
359
353
348
343
341
337
333
333
324
320
317
311
312
308
306
304
308
311
320
329
342
358
378
397
418
435
449
464
478
486
491
493
498
500
500
500
498
495
491
484
476
468
461
455
450
444
439
435
431
426
421
416
409
403
399
394
389
382
379
376
369
367
363
363
360
359
357
356
354
355
347
344
340
336
333
330
327
326
323
323
323
329
341
352
368
387
406
424
441
457
467
476
485
490
493
491
492
487
484
481
478
470
465
460
456
452
449
446
444
441
439
432
428
