6510
505
499
493
487
480
472
464
454
447
440
432
426
420
412
406
402
398
392
386
385
381
375
371
367
363
358
355
353
345
340
337
332
328
324
322
318
314
310
308
304
300
296
296
291
287
285
283
276
273
268
264
262
257
255
251
248
246
246
244
246
249
256
264
274
287
303
317
333
349
369
386
404
424
441
457
473
488
504
518
530
543
553
561
571
580
587
593
599
602
604
604
606
607
607
606
605
604
603
601
599
594
591
588
586
581
576
574
569
560
555
551
545
540
535
533
527
524
520
516
512
507
503
500
495
492
489
483
474
469
467
463
457
452
450
446
441
436
434
428
425
420
415
412
403
401
396
390
385
376
372
367
362
358
353
346
344
342
336
332
328
327
320
318
314
312
307
302
298
293
287
282
280
276
273
268
266
261
258
256
254
254
254
256
263
269
278
291
303
318
335
355
374
394
414
437
456
472
491
508
525
540
556
569
580
590
603
612
614
621
628
631
635
638
642
643
644
645
648
645
644
644
642
637
635
632
627
620
613
608
600
594
588
582
576
568
564
560
553
547
542
537
533
529
525
519
515
508
503
497
491
486
482
478
473
470
467
460
455
452
447
442
436
433
428
423
417
413
406
399
395
392
387
382
379
374
370
365
362
358
354
351
350
344
341
337
334
331
325
321
317
312
307
302
301
296
292
287
283
279
275
271
269
265
264
264
266
269
273
283
289
301
317
334
350
368
387
407
425
440
461
477
494
508
525
538
552
562
573
578
585
592
598
604
607
614
616
619
621
622
623
622
621
622
621
617
614
612
607
600
595
590
584
578
573
566
560
554
550
542
537
531
527
520
516
510
509
502
493
489
485
480
475
474
469
465
461
456
453
449
445
443
439
433
429
426
421
416
408
404
397
391
388
382
377
370
367
363
357
355
351
346
340
337
334
329
326
321
315
309
303
298
291
287
284
279
274
271
266
263
257
251
248
247
241
237
235
232
225
225
226
228
235
243
256
269
286
303
324
344
363
387
409
429
448
468
487
500
514
529
542
555
565
576
585
593
600
608
614
618
623
629
630
633
635
636
635
633
631
628
625
623
619
615
611
605
603
596
590
585
580
574
569
563
559
554
548
545
537
529
525
521
516
509
507
504
498
493
489
487
479
474
470
466
460
456
452
446
438
433
428
425
419
415
411
405
400
395
392
385
379
376
372
366
360
358
353
349
339
333
328
323
317
313
309
304
299
296
291
285
281
280
274
269
263
262
254
249
242
237
232
229
225
220
216
216
218
221
226
237
249
265
281
300
321
341
362
384
406
425
445
464
483
501
518
534
549
563
574
586
595
604
612
620
625
630
634
634
636
636
637
637
637
635
633
632
630
626
622
617
611
608
604
597
590
587
580
571
565
560
554
548
544
541
536
531
528
525
521
517
514
512
508
503
500
497
492
488
481
477
471
466
462
456
450
444
437
433
427
424
419
413
409
404
399
394
390
385
380
372
366
362
356
352
347
345
340
335
330
326
321
316
313
308
303
298
296
289
285
277
272
266
261
255
249
245
240
236
234
229
230
231
237
245
256
269
286
305
324
342
362
382
403
426
445
463
483
501
518
533
549
560
573
583
595
602
609
615
623
626
627
628
633
633
633
634
631
631
629
628
625
620
616
613
608
601
594
590
582
574
568
562
555
549
544
540
534
531
527
522
518
512
510
506
503
499
495
492
487
481
478
475
471
467
462
459
454
449
446
442
436
431
428
423
419
415
409
404
396
392
386
381
376
373
367
363
360
356
352
348
345
341
335
331
328
324
319
312
309
302
297
291
287
281
277
274
268
263
262
260
261
261
268
276
285
298
315
332
347
365
385
405
426
444
463
483
499
516
533
547
559
572
584
594
603
611
616
622
627
628
631
631
632
632
633
629
628
628
625
621
617
615
609
603
598
593
586
580
574
566
560
553
547
539
534
529
525
521
517
511
508
504
498
497
493
487
485
481
479
472
465
462
458
452
447
444
438
432
427
423
416
410
405
398
394
389
383
379
371
365
360
354
348
343
340
335
329
324
322
317
310
305
304
295
291
287
282
277
273
266
261
257
250
246
241
236
232
230
226
223
224
225
228
234
244
258
274
290
309
327
347
368
391
412
433
454
478
495
513
530
546
563
576
591
602
612
622
631
637
639
643
647
650
652
653
656
656
655
656
654
651
649
646
641
635
631
625
618
609
601
595
588
580
573
568
561
552
548
543
535
532
526
523
517
511
507
503
495
487
482
476
470
465
459
453
448
441
435
431
426
422
417
412
408
404
400
395
388
386
380
376
371
370
364
361
358
355
349
344
342
338
335
330
327
324
317
312
307
303
297
292
287
284
278
274
269
267
259
256
253
248
246
247
247
251
256
263
273
285
301
316
335
354
373
394
413
433
453
470
487
502
519
534
546
559
571
581
589
598
604
612
617
623
627
630
633
636
638
638
637
638
636
632
630
629
624
617
611
605
598
594
586
582
576
569
565
560
553
548
544
539
535
530
528
521
516
510
506
499
495
492
488
484
479
476
472
469
465
462
458
453
447
446
441
435
432
425
419
413
408
403
397
393
389
385
381
376
373
367
363
359
356
350
347
342
335
330
325
320
316
309
303
296
291
287
280
275
270
265
261
257
253
249
248
248
249
254
260
270
284
297
316
334
352
372
392
413
431
450
469
485
501
514
530
541
551
560
570
578
584
591
598
601
603
608
610
611
612
613
613
611
609
609
606
602
597
592
586
580
575
571
564
559
554
548
543
538
534
528
524
519
515
511
506
502
499
494
487
485
483
477
475
471
468
464
461
458
454
449
446
443
439
434
431
427
423
414
409
403
398
394
390
386
381
378
375
372
367
363
361
357
350
347
345
342
337
332
326
320
315
310
305
300
295
288
284
278
272
269
262
258
256
254
253
254
260
265
272
282
295
310
328
345
364
383
402
421
440
457
475
489
506
520
530
543
552
562
565
573
578
583
588
592
595
597
599
603
600
601
600
600
597
594
591
587
582
575
570
563
557
551
545
540
534
529
525
520
516
512
508
504
500
497
494
490
487
485
479
475
472
468
464
462
457
454
451
447
445
441
436
433
431
427
423
418
416
408
402
399
395
392
385
382
379
374
368
367
364
360
356
353
349
345
340
339
334
328
325
321
317
311
308
305
300
295
291
289
283
278
276
274
269
268
268
272
275
281
292
304
318
332
352
371
389
409
427
446
464
483
499
515
530
545
558
569
578
588
596
602
608
615
620
623
625
631
632
634
634
634
633
632
631
629
625
621
615
608
602
596
593
586
580
574
570
562
556
550
546
540
534
530
524
519
514
510
505
497
492
489
484
483
478
476
471
465
464
461
455
452
450
444
441
435
432
428
422
415
410
407
401
396
394
388
384
382
378
374
370
368
364
359
356
354
350
347
342
338
332
329
324
320
316
311
309
302
299
293
291
286
280
275
274
268
266
262
267
270
273
280
292
304
319
335
352
371
390
409
429
446
463
482
495
511
525
540
549
560
568
578
585
591
598
604
608
611
614
618
617
619
620
618
619
617
616
614
610
604
602
595
589
584
579
574
567
563
557
550
545
541
536
530
525
520
516
510
506
500
494
488
485
479
474
470
465
462
456
451
448
444
439
436
434
430
426
421
416
409
404
398
394
390
386
382
380
376
372
370
369
364
362
360
356
351
347
343
336
334
329
326
322
318
315
313
311
307
306
301
300
294
292
288
284
281
278
273
268
265
259
258
258
264
269
276
286
300
313
329
345
364
382
397
415
432
450
466
482
492
505
517
531
541
550
560
568
577
584
590
594
600
603
606
610
611
613
612
612
606
602
601
596
592
588
585
579
574
569
567
562
557
552
550
544
540
536
531
526
520
515
510
506
503
498
495
490
486
485
481
477
475
471
467
462
460
457
451
446
442
436
431
427
422
417
413
410
408
404
402
398
396
392
388
388
385
382
378
377
369
365
363
360
356
353
348
347
343
342
337
336
332
328
325
320
316
311
307
298
294
286
280
274
268
263
264
261
263
266
275
284
295
310
327
341
359
379
398
414
431
448
465
481
496
513
525
538
550
561
571
579
588
595
602
606
610
615
617
618
618
616
618
614
616
613
611
608
606
603
597
593
589
583
577
573
568
562
556
548
541
535
529
527
520
515
510
507
502
498
494
492
487
481
478
475
472
467
463
457
451
446
444
439
435
430
428
423
418
414
411
406
402
398
396
389
385
381
377
373
366
362
357
352
347
345
340
337
334
331
325
321
318
313
311
305
302
298
293
288
282
276
271
267
262
256
252
248
245
240
235
235
235
238
241
249
260
272
287
300
317
334
355
377
394
414
434
453
470
487
502
518
530
541
552
562
570
575
582
585
587
592
596
596
600
604
603
605
603
603
601
599
596
594
591
587
583
580
573
567
560
556
549
544
539
536
529
523
519
518
513
509
505
501
497
493
492
487
483
476
473
468
463
460
457
453
447
446
442
438
434
430
427
423
418
415
409
405
399
396
388
383
379
375
372
367
362
360
355
351
348
343
338
334
332
328
323
319
315
308
301
297
291
286
281
278
274
268
262
257
254
250
245
243
240
238
238
243
244
249
260
274
288
306
326
346
369
389
413
436
456
476
497
516
534
549
565
578
590
599
608
614
623
628
633
638
641
643
646
648
649
648
648
644
642
640
635
632
627
622
614
606
600
593
586
580
574
567
561
554
550
544
539
534
531
525
522
517
515
510
501
497
492
488
484
480
475
472
467
465
460
454
449
447
442
437
433
427
424
418
411
406
400
394
390
384
379
374
371
366
360
357
353
349
344
341
338
333
328
321
316
312
306
302
296
291
285
282
276
272
266
262
256
251
246
242
238
238
238
239
242
249
263
276
292
311
333
354
376
398
421
442
461
483
502
520
536
554
566
576
586
598
604
611
619
626
629
634
636
639
640
640
640
641
637
634
631
627
622
614
608
600
592
584
577
570
561
554
549
542
536
531
526
521
516
512
507
502
497
492
489
485
480
479
474
470
467
464
462
456
454
449
444
439
437
431
425
419
413
406
398
393
388
383
377
371
369
363
359
354
351
347
343
341
336
333
327
321
316
310
305
302
295
291
286
283
277
272
270
265
260
256
253
248
245
240
237
233
229
227
230
232
237
246
261
276
294
313
335
357
383
407
431
452
474
496
516
533
551
568
583
596
611
621
632
641
651
658
662
666
674
677
678
679
683
681
679
675
674
668
665
660
656
648
640
636
629
620
610
604
595
588
579
573
566
558
552
546
538
533
525
519
514
510
503
501
497
494
490
486
482
479
476
472
467
465
462
457
449
444
442
436
432
426
425
420
414
408
405
399
395
391
385
381
376
372
367
362
355
351
346
342
338
333
328
323
320
317
312
306
303
298
291
287
283
276
271
264
259
252
246
241
237
231
229
231
233
241
249
262
278
295
314
339
357
382
405
425
446
468
488
508
525
543
559
574
586
599
613
620
629
636
644
650
653
656
660
662
657
658
657
655
650
648
645
640
635
630
625
618
613
607
602
593
587
581
573
569
560
552
545
541
534
530
524
518
514
510
505
501
497
493
487
483
479
474
470
468
460
456
447
444
440
434
430
427
422
414
411
407
403
399
393
389
384
381
374
371
366
358
353
349
342
337
332
329
324
320
318
310
305
302
300
295
292
287
283
278
270
266
262
257
252
248
246
243
236
236
232
230
230
234
235
244
254
267
281
297
319
334
356
376
398
421
442
463
484
501
517
533
551
562
576
589
602
609
617
625
631
634
637
641
645
646
646
648
648
648
646
646
643
640
637
633
628
623
619
614
606
598
591
586
579
570
565
559
552
547
544
538
533
528
524
520
514
508
503
499
491
486
479
476
469
466
461
457
453
449
444
440
435
431
426
420
417
412
407
401
395
388
381
376
373
367
362
359
356
352
346
342
340
335
330
328
324
318
313
308
302
296
291
287
282
275
271
269
264
260
257
253
249
246
241
239
234
233
231
231
232
233
239
248
259
274
292
311
331
354
376
396
419
440
461
480
499
520
534
550
560
572
582
592
601
611
616
623
627
633
636
639
642
644
643
644
643
642
639
635
633
627
620
614
610
602
597
593
586
579
573
567
562
555
549
545
538
535
529
525
520
513
506
503
497
492
487
484
479
474
471
467
462
456
454
451
444
440
436
431
424
417
413
407
401
396
392
388
380
377
373
367
362
359
354
350
345
343
337
331
324
320
313
310
305
301
296
291
287
283
278
274
271
266
258
254
248
242
234
229
221
214
208
201
197
191
191
193
198
203
213
227
243
260
282
304
326
350
370
395
419
437
457
476
493
507
524
540
550
563
573
583
592
599
608
611
617
620
624
625
626
625
622
618
612
611
608
602
595
593
588
582
576
573
566
561
556
554
547
542
539
530
525
518
515
511
507
505
501
500
496
491
491
488
484
481
481
477
471
470
466
461
454
449
443
439
434
431
424
419
414
411
405
399
394
393
386
380
376
373
366
358
354
349
343
339
335
330
326
321
319
312
309
306
302
296
291
286
280
275
268
258
252
245
238
234
230
226
225
227
230
239
247
263
279
299
320
342
365
388
409
432
452
473
496
516
532
550
568
581
594
606
617
627
633
642
649
653
655
660
659
658
658
657
656
654
652
650
644
638
633
629
622
618
609
604
597
591
585
578
570
565
559
553
547
542
538
534
529
527
524
519
516
514
509
504
500
496
492
487
479
476
470
463
457
452
446
442
436
432
426
421
415
412
405
401
394
389
382
376
371
364
357
349
347
341
336
331
327
323
317
315
312
308
302
299
296
293
286
284
279
273
266
261
254
247
241
239
232
226
222
220
219
220
225
233
243
256
273
293
314
335
359
383
405
428
452
473
493
515
538
554
570
586
602
613
623
636
648
654
660
669
670
672
675
678
679
678
678
679
679
674
673
668
665
660
656
650
644
637
631
620
613
604
597
590
583
576
570
564
558
554
549
545
537
533
529
523
518
515
509
502
494
490
484
478
472
468
461
455
450
445
439
435
429
425
416
411
407
402
394
389
383
375
368
363
359
353
349
344
340
334
329
326
322
317
312
308
305
301
296
293
285
280
275
272
266
262
259
254
250
245
242
239
235
231
230
228
228
231
239
244
255
270
288
306
325
347
371
389
411
433
453
474
492
511
529
546
560
576
588
599
607
617
625
633
640
645
650
654
659
661
664
663
665
665
661
658
657
654
647
642
638
631
625
617
612
606
600
594
589
582
576
573
566
561
556
552
547
542
538
533
526
520
516
512
506
502
498
495
490
483
480
474
471
464
459
454
449
444
440
431
425
420
414
408
402
399
395
387
382
380
374
369
366
363
358
354
349
346
341
334
332
326
321
318
315
312
307
303
302
297
295
290
286
282
278
273
270
266
263
259
255
256
257
260
265
275
288
303
319
335
356
376
396
416
437
456
474
491
509
522
535
547
560
571
582
590
599
606
611
615
622
625
627
630
635
634
635
636
636
633
627
625
620
617
612
608
603
597
590
586
581
573
570
565
559
553
549
544
540
533
526
520
514
508
504
501
494
488
486
482
477
473
471
466
463
457
453
449
445
441
437
431
424
420
414
410
405
403
397
392
388
385
380
375
371
370
364
360
359
356
351
344
340
336
330
326
324
319
315
310
306
302
298
294
289
285
281
276
273
269
260
256
251
246
243
244
242
243
247
254
261
273
286
303
319
335
354
372
390
409
427
443
458
475
492
503
516
529
541
550
561
567
576
582
585
590
594
595
599
599
602
600
601
600
598
596
595
594
592
588
586
583
575
571
568
564
559
555
550
545
537
531
527
522
518
514
510
505
502
498
497
491
487
482
478
474
468
465
459
452
446
441
437
431
429
426
421
418
414
411
409
402
400
396
392
387
384
381
378
373
369
364
361
357
355
350
345
344
342
339
336
335
332
331
326
324
321
320
315
310
304
298
294
291
286
281
279
274
270
264
262
261
259
257
261
264
272
282
293
306
321
339
358
376
395
413
433
452
469
486
500
516
530
542
554
563
573
581
585
592
596
602
606
609
613
617
618
618
620
620
619
618
618
614
610
607
604
596
589
583
580
571
566
561
557
551
546
543
537
534
528
527
523
518
515
511
507
499
493
489
483
478
473
471
466
463
460
456
451
447
445
441
437
433
431
428
421
416
412
405
400
395
392
384
379
378
371
369
363
359
355
351
346
343
339
334
332
327
320
316
311
309
304
300
298
293
289
284
281
276
272
268
266
260
256
255
253
249
248
250
257
264
276
289
304
321
339
359
379
400
417
439
458
475
492
510
523
535
547
560
569
579
587
594
600
603
610
613
615
618
617
618
618
616
618
613
612
609
602
597
590
587
582
575
569
565
559
554
547
544
536
532
525
523
517
510
506
502
495
489
486
481
478
473
470
467
463
459
458
453
450
446
444
439
435
430
426
420
415
411
405
401
396
393
387
381
378
377
371
367
363
360
358
354
350
347
341
337
334
327
325
321
318
314
310
305
303
300
295
292
288
283
279
274
270
263
256
252
248
246
245
248
250
259
266
278
293
310
327
347
367
388
408
430
448
466
483
498
515
528
542
557
566
577
589
599
606
611
616
622
625
629
634
633
634
634
632
630
628
625
624
619
615
611
605
600
594
587
580
575
569
563
557
550
546
541
533
526
523
518
514
510
506
502
498
495
492
488
486
485
481
477
472
469
465
459
455
449
444
439
434
431
425
419
416
414
408
405
400
398
393
389
386
381
378
375
370
364
357
353
351
346
341
338
335
331
325
322
319
314
308
305
301
297
293
289
282
275
269
265
260
255
252
251
248
250
254
261
271
282
299
314
333
350
374
394
412
433
453
471
492
511
527
542
556
571
584
595
606
617
624
630
636
641
645
647
646
647
646
647
644
643
641
639
636
635
630
625
621
618
611
604
599
593
587
580
574
566
559
552
548
542
537
533
529
523
520
514
509
505
501
497
493
487
483
481
472
467
462
458
453
447
443
440
434
430
426
423
418
413
412
407
401
396
393
387
380
374
369
365
359
356
353
348
343
339
336
332
326
323
319
317
312
308
303
297
292
287
282
276
273
267
262
258
254
249
242
238
236
234
233
233
238
243
251
263
279
294
313
334
355
377
398
419
441
460
477
497
513
527
540
554
566
574
582
591
595
601
609
616
618
623
627
631
632
634
636
638
638
636
637
634
630
627
624
617
614
608
603
594
590
585
579
573
566
563
556
553
545
542
536
531
525
519
509
504
499
495
489
483
480
475
472
467
464
460
455
451
447
443
438
434
430
426
418
413
408
403
399
393
388
382
376
374
370
365
360
357
353
347
342
337
334
329
326
318
312
306
302
297
292
287
285
279
275
271
269
262
257
252
250
244
239
234
229
222
218
215
215
217
223
233
245
259
275
296
316
339
361
383
408
430
451
474
490
508
525
541
556
569
583
596
604
613
624
629
636
642
648
650
654
654
656
657
651
648
646
640
635
630
623
618
611
606
598
590
584
579
571
567
559
554
546
541
534
529
520
515
509
506
501
497
494
491
486
482
479
475
471
467
464
459
455
451
446
438
433
426
422
415
411
407
400
394
389
383
378
372
366
363
357
352
348
343
336
331
326
320
316
310
307
304
298
294
291
285
281
276
273
269
265
259
254
248
241
236
230
225
219
214
209
204
200
197
197
199
204
212
223
237
253
272
294
313
337
361
385
408
432
454
476
496
518
535
552
569
583
595
607
619
627
635
642
647
650
652
656
657
658
658
657
657
655
653
650
647
641
635
630
625
616
609
602
594
581
571
565
555
549
542
535
528
523
516
510
505
498
492
490
484
481
475
472
466
457
455
447
441
438
433
429
424
419
417
411
406
402
398
394
390
384
381
374
366
362
355
350
345
341
336
332
326
325
318
312
308
306
301
295
294
290
285
279
273
265
261
257
252
247
242
236
235
227
222
219
216
213
210
215
220
226
236
250
264
283
304
327
350
375
400
424
450
472
495
518
538
555
576
593
608
623
635
647
655
660
667
673
677
682
685
687
688
689
688
689
687
686
682
678
672
669
663
656
647
638
628
620
612
604
594
585
576
571
564
556
551
545
539
531
528
523
518
514
511
504
498
494
490
485
480
476
471
465
461
456
452
446
440
436
430
425
418
413
407
400
393
386
380
373
367
362
356
351
345
340
334
328
324
319
313
309
304
297
292
286
280
273
267
262
256
249
243
239
232
227
222
216
210
205
201
198
196
196
201
207
216
228
245
266
287
310
338
363
390
416
444
468
493
517
541
562
580
599
615
629
641
652
663
672
680
685
690
694
698
702
703
705
704
705
703
700
697
695
689
683
676
667
660
654
647
640
631
624
617
609
602
596
590
581
576
568
564
556
551
545
537
531
526
520
515
509
505
500
495
486
481
476
471
465
459
454
448
442
435
427
419
410
405
399
392
386
380
374
367
361
354
349
342
335
330
323
318
311
306
299
288
282
276
268
262
258
252
246
240
236
229
224
219
215
209
204
199
196
190
187
183
181
181
183
193
202
216
233
254
277
300
325
352
377
402
427
451
475
497
519
537
555
571
586
600
613
625
634
644
652
660
668
670
675
677
680
681
680
681
681
676
672
670
666
661
656
652
645
640
633
627
619
613
605
602
593
586
579
572
565
556
552
544
537
531
525
518
513
505
501
492
487
481
476
469
462
457
453
445
438
431
422
417
410
406
399
391
386
382
375
369
365
361
356
350
344
340
335
330
327
319
314
310
303
298
293
287
284
278
274
268
267
260
255
251
247
240
235
231
226
218
213
208
204
200
198
199
199
204
211
223
236
252
272
293
316
341
367
394
417
439
463
486
507
527
548
564
582
598
612
624
635
645
654
660
667
673
677
679
682
682
680
680
678
677
674
671
669
663
659
653
648
641
633
626
619
612
604
595
589
579
570
563
557
549
542
537
532
524
520
515
511
504
499
497
490
486
480
476
467
460
453
449
442
437
431
426
419
414
409
403
397
391
388
382
375
369
365
358
349
344
339
333
329
323
318
311
306
302
296
291
287
281
274
270
263
260
251
244
237
233
224
217
211
206
199
191
187
181
178
174
174
174
177
182
196
209
223
243
264
286
312
336
363
387
414
440
463
484
507
526
545
559
574
590
601
612
621
628
632
638
642
648
649
649
651
651
650
649
648
646
642
638
636
630
625
621
615
607
600
593
587
580
573
569
563
558
553
549
544
538
535
531
527
523
519
515
510
502
499
494
487
482
479
475
469
463
459
453
448
442
439
430
424
418
411
404
395
386
381
372
366
360
355
347
343
339
335
332
325
323
318
313
309
304
302
296
287
283
274
267
263
258
252
247
243
237
232
227
224
221
219
217
220
222
229
239
251
266
284
305
328
351
377
402
426
451
474
498
519
538
560
577
593
608
621
633
646
651
657
665
670
673
678
679
682
682
684
683
681
679
677
674
670
666
660
652
646
638
631
622
616
610
601
593
587
582
576
570
565
561
555
549
545
541
536
532
527
523
514
508
504
497
491
486
480
473
469
463
457
451
445
439
435
427
423
415
409
401
394
387
378
373
365
360
354
347
343
339
333
328
324
319
314
307
306
301
293
290
282
276
272
265
261
254
250
244
240
232
227
222
218
212
210
209
210
213
220
232
240
256
273
294
315
340
363
391
413
437
461
485
505
524
545
561
578
592
608
619
627
635
645
651
656
661
667
668
671
673
674
674
673
673
670
669
665
661
657
649
643
637
630
623
614
609
601
595
588
582
576
569
564
559
552
546
542
537
529
526
518
512
503
498
494
486
479
475
469
463
457
452
447
442
436
432
427
420
415
411
402
395
389
384
378
372
366
362
355
350
346
341
337
330
328
321
318
312
310
306
297
293
288
283
279
274
269
264
259
254
251
246
240
235
231
227
223
223
224
226
232
238
247
261
279
299
318
341
362
383
406
428
450
470
489
507
524
541
554
567
580
590
599
607
615
621
626
632
635
638
640
642
643
643
641
641
638
635
631
629
624
617
612
606
599
591
587
581
574
568
564
558
552
547
544
537
533
529
525
518
511
505
500
494
489
484
481
476
469
466
462
458
453
449
444
441
435
432
425
420
413
409
401
394
389
383
379
374
370
365
360
357
356
348
345
340
335
331
327
320
315
311
305
301
297
292
286
283
280
275
269
266
262
256
251
249
245
240
236
235
231
231
235
241
250
261
277
293
311
331
355
375
395
417
441
459
480
497
516
532
544
558
570
580
589
600
607
615
619
627
629
634
636
639
639
641
639
639
636
631
628
622
617
611
605
601
593
586
582
573
565
562
556
549
544
539
533
528
523
515
512
506
500
498
494
490
486
483
478
474
470
467
462
459
455
450
445
442
437
431
426
420
416
411
405
400
397
391
389
382
379
372
369
364
360
355
347
341
333
326
320
314
309
301
295
292
288
282
278
272
268
265
260
256
250
247
243
239
232
227
226
225
227
230
239
249
261
276
293
312
331
353
375
397
416
437
458
477
492
508
523
535
549
560
570
578
587
595
601
605
610
616
619
620
621
622
622
617
616
614
609
605
601
595
589
584
580
574
567
562
559
551
545
541
537
532
525
521
516
512
506
504
498
496
492
489
486
483
479
478
473
469
467
463
461
455
449
445
438
434
430
425
420
416
411
407
403
398
396
390
385
381
379
373
367
365
358
353
348
344
340
335
331
326
323
317
316
313
308
303
300
296
290
285
282
277
269
263
259
254
250
245
247
249
255
263
276
288
302
321
338
358
380
401
421
441
459
477
493
510
524
541
554
566
578
589
598
608
613
621
626
629
636
636
640
641
642
639
638
636
635
630
627
623
620
615
609
605
599
592
586
580
576
568
561
556
549
540
532
526
521
518
513
509
504
499
495
492
488
484
482
478
474
472
469
462
458
452
449
441
437
432
428
423
417
415
410
403
399
397
390
388
381
378
373
369
364
360
352
347
342
339
332
328
325
322
316
312
310
306
300
295
292
287
282
278
273
267
261
255
250
245
240
237
234
232
235
240
248
259
270
287
304
323
343
365
386
406
426
447
464
483
502
519
535
551
565
578
588
599
610
616
624
631
637
641
644
643
646
642
641
640
641
638
636
634
631
627
624
622
616
611
605
601
594
588
584
576
567
560
554
547
543
536
532
526
522
517
512
508
503
498
496
491
487
483
480
472
468
459
455
449
442
435
428
423
415
408
402
397
390
386
380
374
369
366
361
355
347
343
338
333
330
326
322
316
314
310
306
302
299
295
291
288
285
279
276
271
266
261
256
251
246
239
236
233
229
225
224
225
226
231
240
253
268
282
301
318
339
358
380
401
422
443
464
483
500
517
534
547
560
573
584
594
604
612
620
626
628
633
637
638
642
645
644
644
643
644
640
637
635
631
626
624
616
614
605
596
590
583
575
569
562
557
550
545
541
534
528
525
521
514
510
505
501
496
493
489
482
478
471
468
461
457
451
447
441
437
433
429
421
417
412
406
401
397
392
387
380
372
367
361
356
351
347
341
337
334
329
324
320
314
311
307
303
300
295
291
287
280
276
270
266
263
258
253
247
244
239
235
232
231
230
232
237
244
256
268
285
299
317
337
358
379
400
422
444
463
482
500
518
532
548
562
575
584
595
605
609
616
621
626
629
632
634
636
637
637
637
636
636
631
629
625
620
614
611
602
595
585
578
569
563
555
551
543
537
533
528
521
515
512
509
503
498
496
490
485
478
474
468
463
460
456
450
445
442
437
432
428
426
419
414
409
404
400
393
389
382
375
368
366
360
356
350
346
343
336
333
332
329
325
322
320
316
313
310
306
301
296
293
290
286
280
278
275
270
267
265
262
259
258
261
262
266
274
283
293
309
322
343
359
379
400
421
441
459
479
497
514
531
545
557
569
581
592
601
605
610
616
619
621
626
629
629
630
630
630
627
625
622
618
614
608
603
596
588
580
571
564
555
550
543
535
528
524
517
511
506
502
497
492
488
485
479
475
472
466
461
457
454
450
445
441
437
434
429
424
422
416
412
407
403
398
393
387
384
378
370
364
359
353
347
344
338
333
328
326
320
314
311
308
303
299
295
290
285
281
274
268
261
257
251
245
240
233
229
221
214
209
204
197
192
188
187
188
190
195
202
213
228
249
267
292
316
343
366
392
417
445
466
489
510
531
553
570
586
601
614
623
634
644
652
656
667
670
674
678
680
681
681
682
683
681
679
677
673
668
664
657
650
644
638
631
625
619
613
607
599
594
588
583
578
572
567
561
556
551
544
537
531
527
524
517
511
507
503
497
492
488
486
479
473
467
465
458
451
445
438
431
425
420
413
406
402
397
392
385
380
376
371
364
361
355
350
344
341
334
326
320
317
309
304
298
295
289
283
279
274
269
262
257
251
244
237
233
227
219
215
212
214
219
228
243
256
273
294
318
341
365
391
413
439
463
487
508
526
546
564
579
593
608
624
632
643
652
661
669
672
679
683
685
686
688
687
688
685
684
678
674
670
665
658
653
647
641
634
625
619
612
603
596
590
582
575
567
563
555
545
538
532
526
518
512
506
500
495
491
486
480
476
469
463
459
452
447
441
436
426
420
413
405
399
391
385
377
373
367
362
353
348
341
335
330
325
319
314
305
300
293
286
283
277
271
265
262
257
251
247
242
239
234
229
228
221
217
212
209
200
193
189
185
182
178
178
179
184
188
201
215
233
251
275
297
322
347
375
401
424
448
473
494
515
538
556
573
590
605
618
630
640
651
658
664
671
676
680
679
681
680
679
678
676
675
671
668
665
660
653
648
644
634
628
622
616
607
600
592
584
576
568
563
557
551
546
542
537
531
527
525
520
515
511
508
502
498
495
489
482
477
472
466
458
451
446
442
435
428
424
417
411
404
400
393
386
379
375
365
357
352
347
341
334
331
325
321
315
313
310
303
302
299
292
290
287
283
279
272
267
263
257
249
248
244
240
239
241
242
247
254
267
280
293
310
329
349
369
389
408
428
448
467
486
503
521
538
550
564
576
588
598
606
614
618
623
624
629
629
630
629
629
628
626
626
625
621
619
615
611
605
601
597
592
583
576
573
565
559
550
546
538
533
527
523
518
512
509
505
501
497
493
490
483
477
476
469
460
451
446
438
430
422
421
412
407
401
397
392
387
382
378
373
368
365
361
356
350
347
341
333
330
327
322
317
314
311
307
304
301
298
294
291
289
284
280
275
271
265
258
252
249
243
237
233
229
224
221
220
221
225
232
240
251
267
284
304
323
343
365
388
409
431
453
475
495
515
531
549
564
577
592
604
615
624
634
643
645
648
654
658
660
662
664
663
664
665
663
660
658
657
652
647
640
637
631
625
616
610
602
595
589
584
578
571
566
562
554
548
546
540
534
529
524
518
513
508
504
494
488
482
479
474
470
464
462
457
453
448
445
439
435
432
427
422
417
412
405
397
393
389
382
377
373
367
364
358
355
350
346
340
338
332
327
323
320
315
311
304
299
291
286
281
276
271
265
262
258
254
250
249
249
248
253
260
268
279
292
307
320
338
356
376
395
414
434
452
470
486
504
519
533
546
559
570
580
589
598
601
606
611
614
617
622
624
625
626
626
628
626
626
626
624
621
618
615
612
606
599
595
588
582
576
571
566
559
554
549
543
537
533
528
523
518
513
509
505
499
491
486
481
476
471
468
463
457
455
449
445
441
436
431
426
422
416
410
405
398
390
383
375
372
366
363
357
353
349
345
341
338
334
330
327
324
319
315
313
308
303
298
294
289
285
281
279
274
271
266
262
257
252
247
242
238
235
231
230
231
230
237
244
256
270
287
303
324
343
366
387
409
431
453
473
491
512
529
546
559
573
586
597
607
618
625
633
638
643
648
651
655
658
660
659
660
659
657
654
650
646
640
637
632
626
621
616
611
605
600
593
588
580
576
572
564
559
554
550
541
536
530
526
520
514
509
504
498
492
486
480
471
465
457
452
443
437
430
422
415
408
401
394
387
382
376
372
367
364
359
357
353
350
349
345
342
341
339
335
331
328
325
322
319
319
316
313
312
310
307
305
304
302
298
293
292
288
282
279
275
272
270
272
273
278
284
295
306
319
333
349
367
383
400
418
434
449
465
480
491
504
516
526
534
542
553
560
566
571
576
583
585
587
591
593
594
595
596
595
591
589
588
584
580
578
574
570
564
562
558
551
547
543
537
532
526
523
518
509
503
499
493
489
486
482
477
471
470
467
461
459
455
451
446
442
438
432
429
422
416
409
403
398
393
390
386
382
380
376
374
370
368
365
363
361
357
355
353
350
346
343
340
338
334
331
330
326
322
320
317
315
313
310
309
304
301
297
295
289
284
280
277
275
276
277
282
288
297
308
320
335
352
369
386
404
423
441
459
476
491
505
519
534
547
559
571
582
592
