526
537
545
558
563
569
576
581
585
589
591
597
595
595
595
595
592
590
592
587
585
580
580
574
567
565
562
553
548
544
540
530
525
516
510
505
497
494
486
480
477
473
467
462
460
457
451
448
447
444
439
437
435
434
426
421
420
417
413
408
408
403
397
395
393
390
382
380
375
372
368
365
360
353
346
342
339
334
328
325
321
316
315
312
309
307
304
303
300
299
294
294
290
283
281
279
273
274
269
268
263
263
261
257
258
258
257
259
260
268
273
278
287
298
309
322
337
355
372
387
406
424
441
458
475
490
505
518
535
548
559
569
581
589
596
601
607
614
618
623
629
627
628
633
631
630
627
627
624
621
616
613
606
601
593
587
580
573
567
562
554
551
544
536
530
524
521
517
512
505
502
495
493
487
481
475
473
466
464
460
455
453
450
443
440
436
432
430
424
420
416
411
406
403
397
391
387
383
379
373
372
367
364
359
359
356
354
351
351
348
343
341
340
335
329
326
324
319
319
319
312
311
307
305
301
300
296
295
289
286
283
287
283
284
283
286
294
301
310
324
336
351
370
383
402
417
436
452
467
485
498
513
527
538
551
558
567
578
588
595
599
605
612
615
619
624
625
624
625
627
626
623
622
620
612
608
604
599
593
586
584
574
567
561
558
550
545
537
532
528
522
517
512
504
499
496
490
486
480
479
474
470
470
464
461
458
456
452
447
445
441
440
432
426
423
419
414
411
406
401
396
393
391
386
384
380
381
375
372
367
367
362
357
355
354
348
345
344
342
340
338
336
334
332
330
330
325
321
321
321
315
309
309
308
307
312
314
320
326
336
349
361
373
388
403
419
437
452
468
481
495
509
523
533
544
558
568
578
589
597
601
607
615
621
624
627
632
634
634
633
635
634
628
628
625
622
618
615
609
603
600
592
588
580
574
569
564
557
552
548
540
533
526
523
519
516
513
508
504
500
497
494
490
487
483
480
477
473
466
459
454
447
443
437
432
428
425
418
415
411
410
406
403
401
399
394
393
391
388
382
378
375
370
368
363
363
355
354
350
347
342
339
336
334
331
323
323
320
315
311
307
300
298
294
295
295
296
300
306
313
324
333
348
359
372
390
406
423
435
447
461
475
491
503
515
526
537
547
555
565
571
580
584
589
597
600
603
608
608
612
607
607
608
603
602
600
600
594
592
589
586
581
574
572
566
559
556
548
542
533
528
524
514
510
502
499
494
489
485
481
478
475
469
466
463
458
456
451
445
438
435
433
429
423
423
416
412
410
406
401
401
396
391
389
387
382
382
378
371
370
366
362
359
358
355
354
350
349
349
345
342
343
337
335
336
334
331
328
325
321
318
312
312
310
305
306
308
304
304
309
313
321
325
337
342
354
366
382
390
403
412
426
439
451
465
477
488
499
511
519
530
538
547
552
559
566
571
574
582
579
583
583
584
584
584
586
581
582
581
577
575
577
571
565
564
559
554
549
540
537
530
522
519
515
507
502
500
497
494
490
487
480
477
475
475
471
468
459
455
450
446
443
440
434
431
430
427
423
419
416
411
410
408
405
400
397
394
388
384
381
377
375
371
371
368
367
366
363
362
359
357
357
357
352
348
348
348
340
335
333
329
326
326
326
324
321
319
319
320
319
318
324
324
328
334
343
351
357
370
382
395
407
421
433
447
459
474
485
497
507
520
527
537
544
551
557
563
566
570
572
573
575
578
579
582
582
581
581
580
579
577
574
571
568
564
559
556
551
543
539
533
527
519
516
511
506
500
495
493
486
483
479
477
471
468
466
461
459
452
450
446
443
440
437
435
431
428
426
423
419
417
413
407
402
400
395
390
387
385
377
373
367
363
360
356
354
353
353
351
350
350
347
349
348
345
344
343
343
335
334
330
329
326
322
321
317
316
312
309
306
303
300
298
298
295
298
300
306
308
313
322
331
340
352
363
374
387
400
414
424
436
448
458
468
477
483
491
498
506
510
511
518
518
524
526
529
534
536
536
537
538
538
538
539
537
533
532
529
529
518
516
510
505
501
500
492
491
486
483
480
475
473
470
469
469
464
462
462
458
455
453
452
447
447
443
444
438
435
436
433
434
431
427
427
423
420
419
414
413
408
408
400
397
392
388
386
385
380
378
377
375
373
375
369
371
370
369
365
365
366
364
360
359
360
353
353
351
352
349
348
346
346
344
345
346
348
350
351
357
363
371
379
387
396
404
418
429
440
452
463
476
484
496
507
517
528
533
546
550
557
563
569
572
576
580
581
584
586
589
591
592
592
591
589
588
584
585
581
576
575
571
565
557
553
548
545
536
533
530
524
522
518
511
507
507
503
499
494
493
491
488
482
477
474
472
467
464
460
455
454
451
448
446
444
441
437
431
429
427
422
419
417
410
403
399
396
390
386
382
381
376
376
373
372
370
369
368
370
366
364
366
363
359
356
356
352
350
348
347
343
342
340
340
335
332
331
331
331
331
336
340
347
355
359
370
379
390
404
416
429
444
456
467
478
488
500
508
515
523
532
536
543
548
551
554
558
561
565
564
567
571
572
570
571
571
569
564
563
563
558
553
551
545
539
534
529
523
516
513
507
502
498
494
492
486
481
478
476
474
469
468
467
462
457
459
452
453
449
450
445
443
440
442
437
435
434
432
430
426
424
423
417
414
415
408
406
404
404
398
399
395
397
390
390
387
386
381
381
379
377
374
370
368
364
361
358
355
354
351
350
349
345
344
342
343
342
338
341
337
339
337
342
342
342
345
355
361
369
380
392
404
415
428
440
452
464
477
489
500
510
522
531
536
541
551
555
563
565
569
573
578
580
583
585
588
589
589
592
591
589
587
587
583
580
576
574
572
569
564
559
556
553
548
543
542
538
536
531
526
524
520
514
510
507
503
497
492
489
483
479
476
472
466
464
461
456
451
452
446
444
439
437
430
429
423
421
418
412
411
409
405
403
402
398
399
395
397
391
389
387
386
381
376
376
372
372
367
366
365
364
362
360
357
355
355
354
353
347
347
346
344
341
335
332
330
329
330
331
334
337
342
350
358
366
378
390
402
413
429
440
452
462
474
481
492
502
512
518
527
538
543
550
554
560
564
568
572
574
577
580
583
584
579
578
578
574
575
572
571
567
566
562
559
555
550
545
542
540
534
530
527
518
513
509
504
497
495
491
487
483
480
478
475
471
467
466
462
459
458
453
450
445
441
434
430
424
423
415
412
407
405
400
399
396
393
389
387
384
381
379
375
369
366
365
360
358
355
351
351
348
345
341
341
342
339
334
337
336
333
333
332
328
326
324
321
319
316
315
315
312
311
311
313
312
311
317
323
328
336
346
356
367
375
389
400
412
425
440
451
466
478
489
502
512
521
533
541
548
558
565
569
574
576
579
582
585
588
589
589
590
592
592
590
589
588
583
580
578
574
567
563
561
555
545
540
536
528
524
519
515
509
504
502
502
496
493
490
487
486
481
481
476
475
470
468
463
460
456
453
451
447
445
443
438
436
433
430
427
424
423
418
416
407
404
399
394
390
388
381
377
375
371
367
365
362
358
357
354
354
351
349
348
344
341
338
335
335
331
328
327
327
323
321
321
319
316
315
316
316
317
321
324
329
333
341
349
360
368
383
397
411
425
438
453
465
476
491
501
510
522
534
541
549
554
561
565
569
574
579
581
583
585
586
586
586
586
585
584
581
580
576
573
568
563
557
550
547
543
537
529
524
520
513
508
503
497
494
488
483
479
475
471
467
464
458
454
449
447
443
442
438
433
430
431
426
423
422
421
417
414
411
409
407
404
399
397
392
388
385
385
382
379
376
375
373
372
371
369
366
364
363
359
357
358
357
350
348
347
346
342
339
336
335
331
329
328
327
322
319
316
315
312
315
314
316
316
321
327
334
343
356
368
379
394
410
423
440
453
468
481
495
509
521
532
542
551
560
566
572
579
585
591
593
595
599
602
603
606
606
606
607
608
603
599
600
597
589
585
580
573
565
563
557
549
545
541
535
530
524
521
518
511
509
506
504
497
493
491
485
481
476
475
470
469
466
464
459
455
452
448
443
438
435
429
423
418
413
408
400
394
391
384
379
377
373
367
362
362
360
354
350
348
345
342
338
337
332
326
323
324
320
319
318
320
317
316
315
315
314
311
312
310
309
308
309
304
303
302
303
305
308
313
322
330
340
353
365
379
391
407
423
435
448
463
477
488
496
506
517
526
537
544
552
555
565
569
576
578
587
590
594
595
602
603
605
599
601
598
595
594
592
586
583
580
576
571
563
560
558
548
544
543
537
533
528
526
518
510
507
504
500
497
494
491
489
485
485
484
480
475
475
470
467
464
460
455
451
445
443
439
434
434
429
427
423
419
417
410
409
409
403
400
395
392
385
378
372
367
362
358
353
352
345
340
339
337
333
330
328
325
322
321
319
315
312
306
304
301
296
292
289
284
281
277
278
272
274
275
281
283
290
301
311
323
337
350
364
379
397
413
429
445
462
478
494
505
520
530
542
553
563
572
580
587
592
596
598
604
608
608
610
613
615
611
611
612
608
605
602
599
595
592
586
584
576
568
565
557
551
548
541
535
530
526
523
517
514
509
506
501
497
494
491
486
478
475
471
469
463
461
455
450
448
446
439
436
431
429
424
418
415
412
405
403
392
386
383
377
374
369
366
363
362
361
357
354
351
349
346
344
343
341
337
336
333
328
324
324
322
318
318
318
317
315
315
312
312
311
309
308
307
305
305
302
300
300
303
307
313
322
331
341
352
368
384
399
415
431
450
462
477
492
504
517
526
541
552
561
569
578
584
592
596
600
605
608
609
610
610
610
609
608
603
599
595
591
586
583
579
574
569
564
560
555
550
544
539
535
530
522
518
512
503
499
493
487
483
480
476
471
468
466
461
456
455
453
449
445
446
441
438
435
429
422
420
416
415
409
407
403
402
399
392
390
387
383
378
376
375
370
366
368
361
356
357
354
351
350
349
347
344
341
343
341
340
337
337
337
333
332
331
329
326
320
319
316
311
310
307
306
303
304
301
299
298
302
307
309
314
325
335
346
356
372
383
399
414
430
445
458
473
486
502
512
525
537
547
558
568
576
583
590
593
595
599
601
605
605
607
609
610
608
608
606
603
599
595
592
590
583
575
571
562
557
548
542
536
529
524
519
513
509
504
499
495
489
488
485
479
476
474
470
466
461
456
452
448
445
440
437
435
432
428
423
421
420
414
413
409
408
404
401
399
392
388
385
380
376
374
372
371
368
363
362
362
359
356
354
354
348
347
344
346
337
332
332
329
325
324
323
319
317
314
315
311
308
304
305
302
303
302
305
307
309
315
325
334
347
362
374
388
403
418
437
450
465
481
493
507
519
532
543
551
560
569
576
581
588
593
597
600
604
607
608
608
610
608
605
605
605
599
595
590
584
578
569
566
560
554
548
545
538
531
527
522
515
512
503
501
492
488
483
475
471
465
461
456
452
449
447
444
443
436
435
432
430
427
422
421
417
416
411
405
402
396
395
391
387
385
383
378
377
375
371
367
366
364
360
357
357
354
352
347
343
340
339
336
333
331
328
326
326
323
321
319
319
317
315
314
310
309
308
309
302
303
304
308
310
317
326
338
349
363
379
396
411
427
444
463
478
493
509
524
534
546
559
570
579
588
599
606
614
620
627
630
635
640
642
643
644
644
645
642
639
637
632
628
620
618
611
603
599
595
587
581
576
569
561
557
551
545
540
529
526
518
510
507
502
497
491
486
480
475
469
468
463
456
454
449
447
441
437
431
426
421
418
416
410
408
403
401
395
393
390
389
383
381
378
375
374
370
366
362
359
355
353
348
345
340
341
337
335
336
332
333
331
331
329
327
325
326
320
319
316
316
311
309
309
310
309
309
314
322
326
333
346
358
371
384
402
418
433
447
464
477
495
509
523
537
548
561
573
582
591
602
608
616
619
627
631
632
634
637
635
637
634
636
634
630
630
626
622
617
613
609
603
597
593
586
577
569
567
559
550
541
535
527
520
516
511
503
498
496
489
482
478
476
470
467
460
461
453
451
443
439
432
428
426
422
418
413
410
406
404
399
397
392
389
386
385
380
376
373
371
364
361
360
353
352
347
345
341
339
336
335
333
329
326
325
321
319
318
314
310
306
304
300
298
295
294
292
288
287
286
286
287
289
294
300
305
317
327
340
350
364
379
393
410
426
442
454
468
486
499
514
522
535
548
556
566
574
580
583
589
591
593
596
598
597
597
598
598
597
596
593
594
589
584
581
576
569
565
559
550
542
535
527
522
517
508
504
497
493
488
485
482
476
473
470
466
463
460
454
450
449
443
440
438
434
432
429
426
424
421
416
414
408
408
401
398
397
391
385
384
376
375
369
365
363
358
357
353
351
346
341
340
337
335
332
329
327
320
319
315
310
309
307
306
303
304
302
302
300
298
296
294
294
292
292
291
292
292
291
295
298
309
316
327
338
352
370
383
401
413
432
446
460
475
489
503
518
530
536
547
552
563
569
575
580
587
591
597
596
604
605
602
605
608
605
604
601
600
593
587
584
578
574
568
568
559
553
551
544
536
534
528
522
517
513
506
504
496
489
489
481
475
473
469
465
462
458
455
451
447
446
445
439
436
435
431
426
424
418
411
406
403
401
396
394
389
389
382
384
379
378
373
370
370
367
367
363
363
355
352
351
352
347
344
344
341
338
337
336
335
332
328
328
325
321
321
318
313
310
309
308
304
306
306
312
315
323
332
344
355
367
382
399
414
429
447
458
470
482
497
505
520
528
539
547
554
562
566
573
580
584
587
591
592
598
597
598
596
594
594
589
588
587
584
579
574
571
565
560
557
548
546
538
535
529
520
514
511
504
498
495
490
487
483
480
476
474
468
470
465
461
459
456
452
451
445
440
435
430
429
426
421
418
415
412
407
405
401
400
396
393
391
388
383
381
378
374
370
369
365
362
360
359
356
353
352
352
349
348
345
348
345
343
340
340
334
333
333
330
328
324
325
325
325
327
329
336
341
347
360
368
380
395
408
422
433
449
461
474
489
502
514
526
534
545
556
565
570
583
585
594
597
604
605
605
605
610
607
605
607
606
604
601
599
598
593
588
584
580
572
568
562
557
549
542
536
529
525
522
515
513
507
503
499
496
494
491
485
484
478
475
473
471
468
462
453
451
447
444
439
435
431
426
426
420
420
414
408
408
405
399
396
393
388
382
380
376
372
368
366
365
364
360
355
357
354
350
349
349
346
345
343
339
338
335
333
328
325
323
323
319
318
313
312
310
308
306
309
310
315
319
326
338
345
353
369
380
393
410
422
439
453
469
483
495
511
522
534
548
557
567
576
583
589
593
599
600
604
606
607
608
611
611
610
610
608
605
602
599
592
587
583
572
566
560
548
544
537
531
521
516
510
505
500
495
491
486
483
479
475
468
467
462
459
455
449
449
442
441
438
435
431
431
429
424
424
418
416
414
412
409
407
402
398
394
390
385
381
381
378
373
371
371
366
364
364
363
360
358
359
356
355
354
353
346
342
340
339
335
332
329
327
325
320
317
315
309
310
307
305
304
306
307
308
310
316
325
336
347
361
375
390
405
420
436
450
465
478
494
506
518
529
542
548
555
565
573
581
586
593
595
603
605
609
611
612
614
614
614
612
616
610
607
601
598
593
589
582
578
572
565
560
554
549
542
536
532
526
521
518
512
506
501
494
489
484
479
477
472
468
465
463
458
455
452
447
442
436
434
432
426
423
421
416
412
409
407
404
400
397
395
392
389
389
383
381
379
378
374
371
368
366
362
356
354
353
348
344
342
340
336
334
332
330
327
324
323
320
317
315
313
309
306
301
299
300
301
307
310
317
327
339
347
360
374
389
402
419
434
449
462
475
483
497
505
516
525
533
541
547
551
554
557
562
562
563
564
563
565
566
563
562
557
555
550
545
544
536
531
529
520
517
508
506
502
493
488
484
479
473
470
466
460
458
450
450
444
441
441
438
436
436
432
430
427
426
425
424
420
417
415
415
409
405
402
397
395
393
389
387
383
380
379
375
374
373
371
366
368
365
363
356
356
352
345
342
341
336
335
333
334
330
328
325
325
324
323
320
324
321
316
316
315
314
312
313
316
319
323
333
341
352
364
377
392
405
419
435
447
463
478
491
506
515
527
533
542
551
561
565
573
578
584
588
591
594
597
600
599
600
603
602
600
598
593
589
582
580
573
571
564
559
553
549
543
538
532
527
522
518
513
507
507
499
493
487
485
482
476
473
470
468
464
464
460
456
453
453
446
444
442
439
436
429
424
421
415
411
407
403
402
394
391
389
389
383
382
378
375
372
367
364
362
357
350
345
341
338
337
333
328
331
328
324
321
321
320
320
318
316
314
313
311
313
310
308
310
313
318
324
331
343
355
369
383
397
414
429
447
461
475
492
506
521
532
539
552
561
570
581
586
596
600
606
613
614
618
621
623
625
624
625
623
621
621
620
614
610
606
604
598
593
592
585
578
572
569
561
555
548
544
537
528
525
522
515
507
498
493
486
482
477
469
465
460
456
451
447
441
440
437
431
427
426
421
416
409
408
399
395
391
388
382
379
377
373
369
366
364
361
360
354
352
349
347
346
338
335
333
333
332
333
330
330
328
329
328
329
328
327
327
327
326
325
323
324
319
317
319
320
323
329
335
343
352
363
375
387
402
415
431
444
457
474
485
497
509
522
535
542
554
564
573
581
588
597
601
606
611
616
618
621
621
622
617
613
612
611
607
602
598
591
585
578
573
564
559
549
547
535
528
523
515
502
494
490
482
474
470
465
459
455
449
448
443
439
434
433
430
426
423
423
417
414
408
409
401
399
400
394
389
388
387
382
379
376
375
372
369
367
367
364
357
353
353
347
345
343
343
340
334
335
331
331
327
327
325
325
320
320
317
318
312
310
306
302
304
299
296
294
293
293
291
290
291
292
295
298
309
312
322
335
347
357
370
386
401
419
431
449
463
479
493
506
520
531
544
557
563
572
581
586
588
594
601
600
605
609
610
610
609
610
609
611
607
605
603
598
595
593
587
577
571
568
559
551
544
541
534
526
523
518
512
507
502
501
495
492
489
486
479
473
470
466
462
456
455
448
443
439
436
431
428
423
422
415
412
408
405
399
394
389
382
379
374
371
367
362
360
359
354
351
352
350
347
342
341
340
336
335
330
327
324
319
320
316
315
313
311
308
304
305
301
300
294
295
291
288
285
283
282
276
277
280
279
282
289
299
309
323
335
350
364
381
398
415
430
445
464
479
493
503
516
529
540
550
561
568
578
587
594
602
606
611
616
619
621
623
624
627
622
621
619
614
613
610
603
598
595
592
584
578
572
569
561
553
552
543
537
530
523
517
510
506
503
499
495
493
490
483
481
476
472
469
464
461
460
452
449
443
439
433
427
424
419
413
409
403
397
393
391
387
384
380
378
373
372
369
366
360
354
353
349
345
342
340
339
334
334
331
330
328
328
327
326
324
322
324
321
320
314
315
313
311
311
312
313
316
320
330
336
345
360
372
385
401
418
431
447
460
476
489
503
517
531
542
553
566
577
583
592
601
606
612
618
623
622
625
624
624
621
620
621
619
615
614
610
602
596
591
587
579
570
563
558
550
542
538
528
518
512
503
498
491
486
481
479
474
469
463
460
458
455
451
447
443
440
440
434
429
424
418
417
411
409
407
404
401
398
394
393
391
391
388
386
385
384
381
377
377
373
371
370
367
364
361
359
359
356
353
353
349
348
346
344
343
340
337
336
336
333
328
324
322
322
318
317
314
311
309
310
309
312
314
317
327
335
346
357
370
385
399
414
429
444
463
478
493
511
525
539
552
566
579
589
599
609
617
625
629
634
636
639
641
644
644
643
646
646
644
642
640
638
634
627
626
620
615
608
602
594
585
577
572
562
555
549
545
537
531
528
520
516
511
506
504
497
493
490
487
481
472
469
462
458
453
450
444
440
436
434
428
424
421
415
412
408
405
400
396
393
387
381
378
371
369
364
361
357
354
352
350
347
343
338
336
334
330
325
322
317
311
308
304
301
296
294
291
291
287
285
285
283
281
281
277
278
276
276
277
277
277
281
287
294
305
317
330
344
357
376
394
408
424
442
456
471
485
501
511
522
532
543
550
560
570
576
582
585
592
597
601
604
607
610
612
612
614
613
612
607
606
601
598
596
591
585
580
575
570
565
561
554
550
543
536
533
528
521
513
506
502
497
492
488
483
479
476
472
467
462
461
455
451
447
443
439
432
427
422
413
408
404
397
390
386
381
375
369
363
364
358
352
346
343
339
335
331
328
325
318
315
315
314
310
310
311
308
310
309
308
307
305
308
307
307
307
307
306
304
301
301
301
300
295
298
296
295
297
298
301
304
312
318
327
338
352
363
378
390
405
418
431
447
463
476
490
505
518
530
543
554
563
573
581
590
597
603
606
610
612
614
616
618
618
619
621
620
619
618
618
613
610
606
602
599
593
589
580
572
565
560
554
548
542
538
533
526
523
518
512
508
503
500
496
490
486
480
474
469
465
462
455
452
451
442
439
434
431
426
422
418
414
409
407
405
400
398
389
387
383
378
374
373
367
365
362
362
357
354
352
351
347
345
342
341
338
335
335
330
327
323
322
315
312
306
304
299
293
290
288
282
277
275
271
271
267
264
263
262
264
266
272
277
289
304
314
330
346
361
378
395
413
431
446
462
478
492
503
514
526
537
549
555
564
571
578
582
590
592
599
602
604
605
606
607
607
603
599
598
591
585
580
577
571
567
562
556
553
548
544
538
532
526
523
519
516
506
501
496
491
487
485
481
477
474
476
471
469
467
464
463
459
458
455
450
447
441
434
430
425
424
417
415
410
408
400
399
395
391
387
383
381
379
375
372
371
366
363
361
358
357
354
355
351
349
348
346
345
344
343
342
338
336
334
334
331
327
324
323
320
318
319
317
316
319
323
324
329
338
345
357
368
377
394
407
420
431
445
458
471
485
498
508
521
533
541
550
559
567
572
580
584
588
593
594
595
597
598
598
601
601
600
599
598
596
593
589
587
582
578
574
570
565
561
553
549
540
534
530
525
519
515
512
507
503
500
496
493
491
486
485
481
478
475
470
466
463
458
457
449
449
444
439
434
432
429
427
426
420
419
416
413
410
409
402
398
395
393
391
386
384
381
377
374
375
374
368
365
363
363
359
358
359
355
351
349
345
341
338
337
335
333
331
328
327
324
321
321
317
315
317
320
321
325
330
336
343
353
367
380
394
409
426
438
453
468
484
496
508
523
534
545
555
563
573
576
583
589
595
597
603
607
609
612
613
616
615
614
613
613
611
608
603
600
593
588
582
578
571
566
561
556
549
543
538
535
529
524
520
515
511
508
503
498
490
488
483
479
474
472
466
467
461
458
454
451
447
445
440
437
435
432
429
421
418
413
409
404
402
400
394
389
385
381
376
373
370
366
362
361
356
351
346
344
340
338
334
331
329
327
324
324
318
316
314
315
308
307
305
304
301
298
295
291
290
288
287
287
283
282
286
288
292
297
307
316
326
339
352
369
382
399
415
429
442
459
472
488
502
515
527
539
548
562
568
574
585
591
595
601
607
609
612
614
614
614
615
611
611
609
606
605
602
597
593
592
587
583
580
573
571
567
560
557
549
543
537
532
528
521
519
515
511
506
504
500
495
492
490
486
483
479
476
473
469
463
457
453
450
445
444
437
434
431
429
423
420
414
413
408
402
401
397
391
390
387
382
377
374
371
368
364
364
361
358
356
356
352
349
347
346
344
340
339
336
335
327
326
322
320
318
318
313
312
311
308
306
303
301
301
301
300
300
305
308
314
321
331
339
352
366
381
398
413
430
444
461
474
491
504
519
530
543
553
562
572
576
582
587
593
599
601
605
609
611
612
613
615
614
614
611
612
609
605
605
600
591
586
580
575
568
561
556
550
543
537
532
527
523
516
513
507
503
498
496
489
483
479
474
471
464
462
457
452
451
447
443
440
434
433
428
426
424
421
418
411
406
401
398
393
390
386
383
379
377
374
371
368
367
364
361
358
356
351
347
345
340
335
330
329
324
320
316
316
311
308
307
306
302
300
297
296
293
292
288
286
284
279
280
279
281
281
285
290
299
308
320
331
345
362
378
393
410
426
441
454
466
482
495
506
518
529
538
548
556
566
571
574
580
586
590
591
593
595
593
589
590
588
586
584
582
580
575
570
568
562
556
552
548
542
535
530
525
518
512
508
501
496
493
489
486
482
477
473
471
466
462
463
456
453
450
449
444
440
440
432
430
423
419
416
412
408
405
402
398
396
395
389
385
382
378
376
372
370
367
360
358
354
353
347
347
346
342
343
339
337
333
331
330
329
326
325
322
322
322
313
314
312
309
308
305
304
303
303
306
303
309
311
317
324
334
348
358
370
383
399
412
428
444
459
474
488
503
519
529
543
555
563
577
581
594
599
604
609
614
613
616
616
617
616
618
617
620
618
615
614
612
608
605
599
595
589
586
582
573
568
562
558
554
546
543
542
535
533
529
525
524
518
514
511
508
506
503
498
494
489
485
480
474
471
470
464
459
456
451
447
440
438
435
431
430
425
420
414
409
406
402
396
391
389
384
380
377
375
371
367
366
363
358
356
350
347
344
340
336
331
328
324
323
318
316
313
311
309
306
303
303
301
298
299
296
294
294
296
294
296
302
309
318
329
343
358
373
388
407
424
441
457
475
491
509
521
537
549
560
568
579
587
594
603
609
613
617
623
625
628
630
633
634
631
631
632
629
625
619
616
608
604
599
592
586
579
574
566
561
555
550
544
536
529
526
521
514
506
502
494
488
483
478
474
470
465
460
458
453
450
447
442
437
434
430
425
423
417
414
408
404
398
396
389
389
383
378
375
372
369
366
360
356
353
348
346
341
335
328
326
322
319
317
315
311
311
305
306
302
301
298
299
294
295
292
289
290
282
281
277
277
275
274
274
272
275
280
283
292
298
310
320
335
353
367
382
394
412
428
442
457
474
490
504
516
529
542
553
563
574
581
590
597
603
610
612
613
616
619
619
621
620
619
619
620
617
617
612
609
603
601
593
589
584
576
568
562
553
545
542
533
528
523
515
510
505
500
495
493
488
484
478
475
472
469
460
455
450
447
440
437
435
432
427
423
419
416
416
408
407
406
402
398
396
393
394
387
381
378
375
371
369
364
360
360
358
355
355
354
350
349
347
345
343
343
340
338
333
332
329
330
327
323
321
321
316
315
311
311
307
305
308
305
304
308
310
315
322
332
346
356
368
385
401
416
432
449
463
476
492
506
519
530
541
555
561
569
576
585
590
597
602
610
610
613
617
620
618
620
620
622
622
615
615
612
604
600
598
589
581
579
571
567
558
554
549
541
534
530
525
519
516
512
507
504
500
493
490
486
486
482
479
477
476
472
470
468
467
463
461
458
456
452
449
445
441
436
431
428
424
420
416
414
409
406
404
398
395
392
386
383
380
375
371
369
363
359
352
350
345
340
340
336
330
327
327
323
318
317
314
310
305
304
300
298
299
297
299
302
308
317
327
338
349
365
379
394
406
424
436
451
464
480
488
500
512
520
526
536
541
548
554
558
565
567
571
574
580
579
582
580
581
578
581
580
576
566
561
560
555
548
542
537
532
528
520
515
510
506
498
498
490
486
484
479
471
469
467
463
458
453
454
450
448
445
444
441
440
436
435
432
428
426
422
419
413
409
407
404
400
397
394
389
388
387
383
382
378
375
372
370
369
367
366
359
358
357
354
350
351
347
344
340
339
336
334
332
333
327
325
326
321
317
317
313
311
308
309
311
314
320
332
339
352
366
378
393
407
423
437
453
468
478
493
503
515
524
535
543
551
562
571
575
583
590
597
599
603
607
609
611
612
613
615
613
610
609
604
600
599
596
590
585
583
576
572
563
560
553
546
543
537
531
527
520
515
508
504
498
496
490
486
481
479
475
473
469
464
460
457
457
450
447
443
440
432
425
422
421
416
411
407
405
402
398
396
393
390
386
386
381
379
380
377
375
373
372
370
372
371
369
368
368
366
367
365
367
363
363
362
359
357
356
351
348
346
347
343
343
346
350
355
361
371
381
390
401
415
427
442
452
467
476
488
498
511
518
528
538
548
557
564
571
577
582
588
594
598
602
605
610
609
606
605
606
604
602
603
599
596
591
589
586
580
575
571
564
558
552
551
543
533
528
524
516
513
506
501
495
491
485
480
475
473
467
463
458
451
449
443
435
429
423
415
413
406
404
394
392
388
385
381
376
375
370
367
365
363
361
358
354
354
348
344
343
340
336
335
333
332
327
324
325
318
316
313
309
307
306
300
299
293
287
285
280
280
277
274
271
270
268
268
273
275
280
285
292
299
310
321
334
343
356
367
380
391
406
417
429
444
453
463
471
480
490
495
505
510
514
519
526
526
527
527
529
531
531
532
533
534
531
531
528
529
527
522
521
516
511
507
503
496
491
484
484
478
471
470
467
464
458
455
454
449
448
445
444
440
436
434
432
426
421
421
418
414
408
407
406
401
401
400
396
395
394
397
391
390
389
389
386
384
383
381
378
376
376
376
376
374
374
372
370
370
369
366
364
364
363
362
358
356
353
350
349
348
346
342
342
343
339
336
338
335
333
333
333
335
339
343
349
357
365
372
384
395
406
421
434
448
460
472
483
494
505
516
524
531
537
548
552
554
555
561
563
566
568
569
569
568
567
567
565
565
563
561
557
557
551
551
542
539
534
528
522
518
512
507
504
500
495
491
486
486
479
475
475
473
470
468
463
461
459
455
455
452
449
447
448
444
441
440
440
437
435
433
431
427
426
423
418
412
409
405
401
397
393
390
388
385
383
381
380
377
377
377
373
371
371
370
367
365
364
362
359
359
357
357
355
353
352
351
348
345
345
342
340
340
339
341
342
342
347
352
361
368
378
388
400
411
421
433
443
456
466
475
485
491
499
506
510
515
519
521
525
528
532
533
537
539
540
543